20 0.5661538461538461 0.12738636363636366 0.08230769230769237 0.07083333333333335
24 0.5511188811188812 0.18401515151515152 0.06524475524475533 0.05458333333333332
26 0.5412587412587413 0.23602272727272727 0.06160839160839163 0.05712121212121214
27 0.5295804195804196 0.2900378787878788 0.0673426573426573 0.06363636363636369
9 0.5065034965034966 0.35890151515151514 0.06643356643356643 0.057878787878787884
6 0.49202797202797205 0.41571969696969696 0.0601398601398601 0.05079545454545453
1 0.4783216783216784 0.47102272727272726 0.055314685314685294 0.056363636363636345
5 0.46195804195804197 0.521969696969697 0.06454545454545452 0.05678030303030306
2 0.455034965034965 0.5798106060606061 0.0636363636363636 0.06045454545454538
8 0.4338461538461539 0.6289015151515152 0.050279720279720316 0.06242424242424249
5 0.4113986013986014 0.7001515151515152 0.05706293706293704 0.06310606060606071