20 0.5927586206896551 0.09563636363636363 0.17666666666666672 0.07845454545454547
24 0.5771264367816092 0.16618181818181818 0.1454022988505748 0.06536363636363636
9 0.49885057471264366 0.3854090909090909 0.12620689655172418 0.06495454545454542
6 0.47551724137931034 0.4556818181818182 0.1372413793103448 0.0591363636363636
5 0.4472413793103448 0.5160454545454546 0.14103448275862066 0.06640909090909097
4 0.4125287356321839 0.5830909090909091 0.1340229885057471 0.06709090909090905
6 0.3918390804597702 0.6502272727272728 0.14287356321839084 0.06431818181818172
1 0.3622988505747126 0.7146363636363636 0.11528735632183905 0.06686363636363626
4 0.31505747126436784 0.8092727272727273 0.1447126436781609 0.08650000000000013
26 0.5611494252873563 0.22995454545454547 0.12172413793103452 0.07218181818181817
27 0.5341379310344827 0.30013636363636365 0.14195402298850568 0.08422727272727273