25 0.6173387096774193 0.2370934256055363 0.0761290322580645 0.06155709342560551
23 0.5956451612903225 0.2896539792387543 0.08814516129032264 0.054844290657439426
21 0.577741935483871 0.3456401384083045 0.10443548387096765 0.06470588235294114
27 0.5488709677419356 0.3998269896193771 0.08911290322580649 0.06332179930795852
2 0.5164516129032258 0.4688927335640138 0.07967741935483867 0.06162629757785468
9 0.4978225806451613 0.5209688581314879 0.0714516129032258 0.05429065743944636
8 0.47443548387096773 0.5721799307958478 0.06629032258064516 0.05415224913494802
8 0.4519354838709677 0.6231141868512111 0.07959677419354842 0.05577854671280279
4 0.4396774193548387 0.6727681660899654 0.09483870967741939 0.0489619377162629
3 0.4129838709677419 0.720484429065744 0.08104838709677417 0.056159169550173076
5 0.3841935483870968 0.7840138408304499 0.07975806451612903 0.06387543252595149