20 0.7025882352941176 0.16551440329218106 0.16011764705882361 0.07954732510288065
24 0.6634117647058824 0.23724279835390943 0.1404705882352941 0.061851851851851825
26 0.6412941176470588 0.30045267489711935 0.16505882352941179 0.06131687242798356
27 0.603764705882353 0.36390946502057614 0.1487058823529412 0.0716460905349794
2 0.5474117647058824 0.45395061728395064 0.14376470588235293 0.06316872427983537
2 0.5147058823529411 0.5194238683127572 0.14376470588235293 0.06032921810699593
0 0.4803529411764706 0.5788888888888888 0.1667058823529412 0.05580246913580248
3 0.4370588235294117 0.6395061728395062 0.16835294117647062 0.060411522633744885
0 0.40447058823529414 0.6992181069958847 0.16176470588235295 0.05987654320987659
4 0.3709411764705883 0.7601234567901235 0.14376470588235293 0.05477366255144034
9 0.3177647058823529 0.837037037037037 0.1454117647058823 0.061111111111111206