20 0.7415277777777778 0.16004545454545455 0.17305555555555566 0.07822727272727271
24 0.7031944444444445 0.22695454545454546 0.1909722222222222 0.06563636363636363
26 0.6748611111111111 0.2901818181818182 0.1452777777777779 0.06800000000000003
27 0.6340277777777777 0.3553636363636364 0.15750000000000006 0.07249999999999995
2 0.58625 0.43886363636363634 0.14402777777777784 0.06900000000000003
2 0.5490277777777778 0.5039090909090909 0.16347222222222216 0.061409090909090865
5 0.49694444444444447 0.560590909090909 0.14611111111111105 0.06218181818181815
7 0.4608333333333333 0.6215454545454546 0.13625000000000004 0.058909090909090814
8 0.4209722222222222 0.6840454545454546 0.17652777777777778 0.06122727272727285
0 0.3819444444444444 0.7474999999999999 0.1736111111111111 0.06695454545454553
5 0.31569444444444444 0.8319090909090909 0.1430555555555556 0.07995454545454535