14 0.5587861271676301 0.034886877828054295 0.05583815028901732 0.06461538461538462
12 0.5509826589595376 0.09733031674208145 0.06526011560693637 0.06058823529411765
17 0.5348554913294797 0.15366515837104072 0.042543352601156145 0.056923076923076917
27 0.5236994219653179 0.2102714932126697 0.056647398843930705 0.07117647058823531
7 0.5072832369942197 0.28398190045248867 0.05884393063583819 0.07162895927601809
0 0.49115606936416184 0.3441628959276018 0.06473988439306352 0.06185520361990945
2 0.4756647398843931 0.40199095022624437 0.05971098265895961 0.05968325791855202
7 0.4667052023121387 0.45791855203619913 0.06942196531791903 0.06036199095022626
6 0.45156069364161855 0.5173755656108597 0.05127167630057806 0.05321266968325788
8 0.43976878612716763 0.5718552036199095 0.05537572254335267 0.06457013574660632
3 0.41930635838150293 0.6469230769230769 0.05606936416184965 0.07384615384615381