20 0.6726470588235295 0.13518181818181815 0.21235294117647055 0.06668181818181818
24 0.634264705882353 0.20954545454545456 0.16441176470588226 0.07427272727272728
19 0.6066176470588235 0.2801818181818182 0.1711764705882353 0.06377272727272727
27 0.5773529411764705 0.3478181818181818 0.19602941176470587 0.06263636363636364
2 0.5405882352941176 0.4296363636363636 0.15455882352941178 0.07004545454545454
3 0.509264705882353 0.49895454545454543 0.19058823529411761 0.0669545454545454
5 0.47058823529411764 0.561 0.15499999999999994 0.06072727272727266
5 0.43441176470588233 0.6263636363636365 0.17176470588235287 0.06554545454545462
7 0.37970588235294117 0.6892727272727273 0.1567647058823529 0.06427272727272722
7 0.3579411764705882 0.7551818181818181 0.15441176470588236 0.0733181818181818
8 0.3008823529411765 0.8463181818181819 0.19338235294117645 0.06968181818181811