20 0.6855555555555556 0.14049999999999999 0.1637499999999999 0.08281818181818179
10 0.6526388888888889 0.20986363636363636 0.18694444444444436 0.06772727272727275
28 0.6209722222222223 0.2765909090909091 0.1626388888888888 0.06950000000000003
27 0.6018055555555555 0.34336363636363637 0.16736111111111107 0.07363636363636358
1 0.5654166666666667 0.43313636363636365 0.14777777777777779 0.06436363636363635
3 0.5181944444444445 0.49577272727272725 0.15666666666666668 0.06731818181818183
7 0.49319444444444444 0.5561363636363637 0.16375000000000003 0.06327272727272729
7 0.45402777777777775 0.6173181818181819 0.16374999999999995 0.06449999999999999
9 0.4273611111111111 0.6762272727272728 0.13888888888888884 0.061045454545454576
1 0.3952777777777778 0.7438181818181817 0.16027777777777782 0.07040909090909095
8 0.33652777777777776 0.8213636363636363 0.14958333333333337 0.0716363636363636