20 0.6299212598425197 0.22304918032786886 0.0981102362204725 0.06226229508196722
24 0.6068503937007873 0.2789836065573771 0.08472440944881883 0.06039344262295087
19 0.5989763779527558 0.3334098360655738 0.10913385826771664 0.05681967213114749
27 0.5845669291338582 0.38573770491803283 0.09188976377952746 0.062196721311475404
2 0.5443307086614173 0.46531147540983603 0.08039370078740164 0.05740983606557374
3 0.5263779527559055 0.5176393442622951 0.0818897637795276 0.05321311475409842
1 0.48244094488188977 0.6624590163934426 0.08999999999999994 0.049409836065573746
8 0.46472440944881893 0.7074754098360656 0.09480314960629926 0.05419672131147551
0 0.4384251968503937 0.7700655737704918 0.09574803149606297 0.058983606557377076
9 0.4904724409448819 0.6129180327868853 0.08086614173228343 0.05449180327868854
1 0.5090551181102363 0.5652786885245902 0.06700787401574801 0.043409836065573804