20 0.5301492537313434 0.15411764705882353 0.32641791044776125 0.08600000000000001
24 0.5255223880597015 0.24482352941176472 0.32343283582089555 0.08439215686274508
26 0.5340298507462686 0.32219607843137255 0.2811940298507463 0.07682352941176472
27 0.5473134328358209 0.40298039215686277 0.29223880597014923 0.0787843137254902
2 0.537910447761194 0.49941176470588233 0.2362686567164179 0.06580392156862751
2 0.5473134328358209 0.5705098039215686 0.21761194029850744 0.07074509803921576
3 0.5534328358208955 0.6367058823529412 0.23014925373134332 0.06588235294117652
0 0.544179104477612 0.6980000000000001 0.2362686567164179 0.05447058823529406
8 0.5565671641791045 0.758078431372549 0.22388059701492538 0.06513725490196083
4 0.5597014925373134 0.8205882352941176 0.21761194029850744 0.05784313725490196
6 0.5752238805970149 0.9006666666666666 0.22388059701492538 0.06443137254901964