25 0.674264705882353 0.198875 0.11058823529411758 0.05745833333333336
23 0.6466176470588235 0.24779166666666666 0.12382352941176474 0.05520833333333333
21 0.6176470588235294 0.29404166666666665 0.15544117647058814 0.059708333333333356
27 0.5782352941176471 0.34145833333333336 0.13955882352941168 0.054500000000000055
2 0.536029411764706 0.40825 0.10794117647058829 0.05375000000000003
9 0.5017647058823529 0.45337500000000003 0.10794117647058829 0.05150000000000006
4 0.4688235294117647 0.5019166666666667 0.12647058823529414 0.05
5 0.4385294117647059 0.5474166666666667 0.10794117647058829 0.05449999999999999
0 0.40176470588235297 0.5914583333333333 0.10794117647058829 0.05
0 0.36911764705882355 0.6373333333333334 0.13529411764705887 0.04816666666666668
6 0.31720588235294117 0.702 0.10691176470588229 0.054541666666666565