25 0.6208333333333333 0.22271317829457365 0.084537037037037 0.059069767441860446
23 0.5976851851851852 0.2718217054263566 0.07935185185185178 0.05693798449612402
21 0.5795370370370371 0.3279457364341085 0.06879629629629636 0.06131782945736432
27 0.5604629629629629 0.38189922480620153 0.09518518518518519 0.06027131782945741
2 0.5271296296296296 0.4531782945736434 0.07750000000000004 0.06255813953488377
9 0.5107407407407407 0.5058139534883721 0.07296296296296292 0.052364341085271285
4 0.49092592592592593 0.5552325581395349 0.07731481481481477 0.04875968992248056
5 0.47175925925925927 0.6041472868217055 0.05944444444444446 0.05488372093023265
5 0.4507407407407407 0.6535271317829457 0.06398148148148144 0.0522093023255815
9 0.4272222222222222 0.7058527131782947 0.0760185185185186 0.058720930232558054
9 0.39499999999999996 0.7729844961240311 0.060648148148148125 0.05484496124030999