25 0.6178703703703704 0.21837209302325583 0.08333333333333333 0.06372093023255813
23 0.5981481481481481 0.2706201550387597 0.08277777777777776 0.054806201550387575
21 0.5822222222222222 0.3272093023255814 0.09370370370370368 0.06624031007751939
27 0.5612962962962963 0.3822480620155039 0.07814814814814819 0.06430232558139536
2 0.5321296296296296 0.45189922480620154 0.08046296296296294 0.059844961240310066
9 0.5114814814814815 0.5042248062015504 0.0653703703703704 0.053333333333333295
4 0.49222222222222217 0.5554263565891473 0.08129629629629631 0.05131782945736438
5 0.47333333333333333 0.6023643410852713 0.07814814814814813 0.054922480620155104
5 0.4498148148148148 0.652906976744186 0.07925925925925928 0.05368217054263575
9 0.4283333333333333 0.7046124031007751 0.07333333333333335 0.05709302325581402
9 0.3957407407407408 0.7714341085271318 0.09083333333333335 0.06914728682170533