20 0.6927272727272727 0.119 0.17348484848484852 0.0665
24 0.671969696969697 0.18120833333333333 0.17121212121212118 0.053250000000000006
26 0.6445454545454545 0.22833333333333333 0.20863636363636356 0.05329166666666663
27 0.6115151515151515 0.28329166666666666 0.22181818181818183 0.06179166666666669
9 0.5698484848484848 0.354875 0.21742424242424238 0.04912499999999997
6 0.5368181818181819 0.41045833333333337 0.17787878787878786 0.051583333333333314
4 0.5171212121212122 0.4639166666666667 0.19106060606060604 0.04616666666666672
2 0.47863636363636364 0.5125416666666668 0.20636363636363633 0.05287500000000005
3 0.4424242424242424 0.562375 0.18227272727272723 0.052291666666666715
7 0.40287878787878795 0.613125 0.19984848484848486 0.054749999999999945
8 0.36348484848484847 0.6798749999999999 0.1734848484848484 0.0614166666666667