20 0.7374647887323944 0.12840909090909092 0.19887323943661978 0.07709090909090911
24 0.6825352112676056 0.19604545454545455 0.15901408450704235 0.06677272727272726
26 0.6612676056338028 0.26331818181818184 0.15690140845070424 0.06495454545454549
27 0.6171830985915493 0.33049999999999996 0.15295774647887322 0.07386363636363637
2 0.575774647887324 0.41927272727272724 0.14802816901408458 0.0685909090909091
0 0.5433802816901409 0.4863636363636364 0.14169014084507045 0.07368181818181822
4 0.5047887323943663 0.5489090909090909 0.13422535211267608 0.05922727272727273
6 0.46366197183098595 0.6104090909090909 0.1433802816901409 0.06599999999999998
9 0.4225352112676056 0.6721818181818182 0.1349295774647887 0.06972727272727261
0 0.37760563380281686 0.7397272727272728 0.15873239436619724 0.06772727272727262
5 0.3183098591549296 0.8256363636363636 0.17901408450704226 0.08122727272727275