26 0.6118518518518519 0.12833333333333335 0.11641975308641983 0.05762500000000001
28 0.5898765432098766 0.179 0.10345679012345674 0.057624999999999996
15 0.5691358024691359 0.22916666666666666 0.12419753086419756 0.055000000000000014
27 0.5523456790123457 0.27675 0.12160493827160487 0.05587499999999999
8 0.5225925925925926 0.33920833333333333 0.08790123456790129 0.05849999999999997
4 0.49543209876543215 0.3889583333333333 0.11123456790123464 0.04800000000000004
5 0.4720987654320988 0.4374166666666667 0.11641975308641966 0.05762500000000005
7 0.4514814814814815 0.48062499999999997 0.10086419753086422 0.05150000000000006
5 0.43074074074074076 0.5269166666666667 0.1112345679012346 0.055000000000000014
5 0.4009876543209876 0.5740416666666667 0.08790123456790125 0.05850000000000009
8 0.3618518518518518 0.638375 0.1187654320987654 0.06870833333333337