20 0.5690909090909091 0.2505487804878049 0.09356643356643353 0.06027439024390247
24 0.5537062937062938 0.2992378048780488 0.07678321678321672 0.04689024390243901
26 0.5446153846153846 0.3439939024390244 0.06986013986013992 0.047500000000000035
27 0.5341958041958041 0.39179878048780487 0.07118881118881124 0.05539634146341468
2 0.5146153846153846 0.4523780487804878 0.0600699300699301 0.0523475609756098
2 0.5013286713286713 0.49835365853658536 0.05867132867132858 0.04689024390243901
1 0.4957342657342657 0.5425 0.07258741258741255 0.04628048780487807
8 0.4783216783216784 0.5839024390243903 0.06566433566433562 0.04749999999999995
5 0.4657342657342657 0.6274390243902439 0.06286713286713289 0.04689024390243901
2 0.4573426573426574 0.6700304878048781 0.0600699300699301 0.04567073170731713
1 0.43923076923076926 0.7291158536585366 0.07678321678321676 0.06271341463414631