20 0.6796103896103896 0.1914957264957265 0.19909090909090907 0.07341880341880344
24 0.6666233766233766 0.26132478632478634 0.19051948051948053 0.07059829059829058
26 0.6315584415584415 0.32542735042735044 0.1592207792207793 0.06376068376068371
27 0.5998701298701299 0.3926068376068376 0.167012987012987 0.07397435897435899
2 0.5642857142857143 0.4752991452991453 0.16389610389610396 0.06739316239316244
2 0.5364935064935066 0.5422222222222222 0.13909090909090918 0.06388888888888884
0 0.517922077922078 0.6007692307692308 0.17623376623376633 0.05679487179487188
5 0.47 0.6595299145299146 0.167012987012987 0.06551282051282044
6 0.44987012987012986 0.7236324786324787 0.1762337662337662 0.057393162393162424
7 0.438051948051948 0.7804273504273505 0.17311688311688309 0.06598290598290597
4 0.3946753246753247 0.8671794871794871 0.17831168831168837 0.06354700854700857